42352
904
48328
2440
48328
42352
2376
49048
2824
33000
1928
2568
14320
14320
32976
2952
3144
33616
14320
53064
52584
1512
52424
52424
50800
32336
32336
33856
2064
16448
45768
32272
32176
32240
32304
32400
32080
32016
53040
14320
52400
14352
32112
33856
52424
14352
14352
14352
50800
2064
16448
45928
32336
32016
28784
32432
32304
32400
32176
52400
14352
22448
14384
32240
50800
52424
33640
22472
50984
50984
53040
32080
32080
22448
2064
16448
45608
32144
32176
32208
32112
32432
32304
32016
50960
14384
33616
14416
28784
22448
50984
50824
33880
53064
53064
52400
32400
32400
33856
2064
16448
45768
32080
32016
32240
32272
32112
32432
32176
53040
14416
52400
14448
32208
33856
52424
53064
33640
50664
50664
50960
32304
32304
33616
2064
16448
45928
32400
32176
28784
32336
32272
32112
32016
50640
14448
50960
14480
32240
33616
50984
14352
14352
14352
50800
2064
16448
45608
32304
32016
32208
32144
32336
32272
32176
50960
14480
22448
14512
28784
50800
50984
33880
22472
52424
52424
50640
32112
32112
22448
2064
16448
45768
32368
32176
28752
32240
32144
32336
32016
52400
14512
33856
14544
32208
22448
52424
50824
33640
50664
50664
50960
32272
32272
33616
2064
16448
45928
32112
32016
28784
32400
32240
32144
32176
50640
14544
50960
14576
28752
33616
50984
50664
33880
53064
53064
52400
32336
32336
33856
2064
16448
45608
32272
32176
32208
32304
32400
32240
32016
53040
14576
52400
14608
28784
33856
52424
53064
22472
50344
50344
50960
32144
32144
22448
2064
16448
45768
32336
32016
28752
32368
32304
32400
32176
50320
14608
50960
14640
32272
22448
50984
50344
33640
50824
50824
52400
32112
32112
33616
2064
16448
45928
32176
32208
28784
32240
28752
32144
32368
50800
14640
52400
14672
32336
33616
52424
50824
33880
50664
50664
50960
28816
28816
33856
2064
16448
45608
32368
32016
32272
32304
28784
32112
32240
50640
14672
50960
14704
32176
33856
50984
50664
22472
53064
53064
52400
32400
32400
22448
2064
16416
45768
32240
32208
32336
28752
32272
28816
32304
53040
14704
52400
14736
32368
50800
14320
53064
52424
33640
50984
50984
50240
28976
28976
33616
2064
16448
45608
32304
32112
32016
28912
32336
32400
28752
50960
14736
22448
14768
32240
33616
50984
14320
14320
14320
50240
2064
16448
45928
28752
28816
32176
32272
32016
28976
28912
50960
14768
33856
14800
32304
50240
50984
22472
33880
50664
50664
50800
32208
32208
33856
2064
16448
45768
28912
28784
32240
32112
32176
28720
32272
50640
14800
22448
14832
28752
33856
50664
50264
33640
50824
50824
50960
32400
32400
33616
2064
16448
45608
32272
28816
32304
32016
32240
32208
32112
50800
14832
50960
14864
28912
33616
50984
50824
22472
50184
50184
50640
28976
28976
22448
2064
16448
45928
32112
28784
28752
32176
32304
32400
32016
50160
14864
50640
14896
32272
22448
50664
50184
33880
53064
53064
50960
28720
28720
33856
2064
16448
45768
32016
28816
28912
32240
28752
28976
32176
53040
14896
50960
14928
32112
33856
50984
53064
33640
50264
50264
50640
32208
32208
33616
2064
16448
45608
32176
28784
32272
32304
28912
28720
32240
50240
14928
50640
14960
32016
33616
50664
50264
22472
50824
50824
50960
32400
32400
22448
2064
16448
45928
32240
28816
32112
28752
32272
32208
32304
50800
14960
50960
14992
32176
22448
50984
50824
33880
50184
50184
50640
28976
28976
33856
2064
16448
45768
32304
28784
32016
28912
32112
32400
28752
50160
14992
50640
15024
32240
33856
50664
50184
33640
53064
53064
50960
28720
28720
33616
2064
16416
45608
28752
28816
32176
32272
32016
28976
28912
53040
15024
50960
15056
32304
50800
14320
53064
14352
14352
14352
50160
2064
16448
45768
28912
32112
32368
28848
32176
28720
32272
53040
15056
33616
15088
28752
50160
53064
33880
22472
50984
50984
50240
32240
32240
22448
2064
16448
45928
32272
31024
28976
32208
32368
32304
28848
50960
15088
33856
15120
28912
22448
50984
50184
33640
50264
50264
53040
28816
28816
33616
2064
16448
45608
28848
32112
28752
32176
28976
32240
32208
50240
15120
53040
15152
32272
33616
53064
50264
33880
50664
50664
50960
28720
28720
33856
2064
16448
45768
32208
31024
28912
32368
28752
28816
32176
50640
15152
50960
15184
28848
33856
50984
50664
22472
50824
50824
53040
32304
32304
22448
2064
16448
45928
32176
32112
32272
28976
28912
28720
32368
50800
15184
53040
15216
32208
22448
53064
50824
33640
50184
50184
50960
32240
32240
33616
2064
16448
45608
32368
31024
28848
28752
32272
32304
28976
50160
15216
50960
15248
32176
33616
50984
50184
33880
50264
50264
53040
28816
28816
33856
2064
16448
45768
28976
32112
32208
28912
28848
32240
28752
50240
15248
53040
15280
32368
33856
53064
50264
22472
50664
50664
50960
28720
28720
22448
2064
16448
45928
28752
31024
32176
32272
32208
28816
28912
50640
15280
50960
15312
28976
22448
50984
50664
33640
50824
50824
53040
32304
32304
33616
2064
16448
45608
28912
32112
32368
28848
32176
28720
32272
50800
15312
53040
15344
28752
33616
53064
50824
33880
50184
50184
50960
32240
32240
33856
2064
16448
45768
32272
31024
28976
32208
32368
32304
28848
50160
15344
50960
15376
28912
33856
50984
50184
22472
50264
50264
53040
28816
28816
22448
2064
16448
45928
28848
32112
28752
32176
28976
32240
32208
50240
15376
53040
15408
32272
22448
53064
50264
33640
50664
50664
50960
28720
28720
33616
2064
16448
45608
32208
31024
28912
32368
28752
28816
32176
50640
15408
50960
15440
28848
33616
50984
50664
33880
50824
50824
53040
32304
32304
33856
2064
16416
45768
32176
32112
32272
28976
28912
28720
32368
50800
15440
53040
15472
32208
50240
14320
50824
53064
22472
50984
50984
50320
32432
32432
22448
2064
16448
45608
32368
28816
31024
32400
32272
32304
28976
50960
15472
33856
15504
32176
22448
50984
50264
33640
50824
50824
50640
28848
28848
33616
2064
16448
45928
28976
32208
28720
28912
31024
32432
32400
50800
15504
50640
15536
32368
33616
50664
50824
33880
50344
50344
50960
32112
32112
33856
2064
16448
45768
32400
28816
32176
32272
28720
28848
28912
50320
15536
50960
15568
28976
33856
50984
50344
22472
52424
52424
50640
32304
32304
22448
2064
16448
45608
28912
32208
32368
31024
32176
32112
32272
52400
15568
50640
15600
32400
22448
50664
52424
33640
50264
50264
50960
32432
32432
33616
2064
16448
45928
32272
28816
28976
28720
32368
32304
31024
50240
15600
50960
15632
28912
33616
50984
50264
33880
50824
50824
50640
28848
28848
33856
2064
16448
45768
31024
32208
32400
32176
28976
32432
28720
50800
15632
50640
15664
32272
33856
50664
50824
22472
50344
50344
50960
32112
32112
22448
2064
16448
45608
28720
28816
28912
32368
32400
28848
32176
50320
15664
50960
15696
31024
22448
50984
50344
33640
52424
52424
50640
32304
32304
33616
2064
16448
45928
32176
32208
32272
28976
28912
32112
32368
52400
15696
50640
15728
28720
33616
50664
52424
33880
50264
50264
50960
32432
32432
33856
2064
16448
45768
32368
28816
31024
32400
32272
32304
28976
50240
15728
50960
15760
32176
33856
50984
50264
22472
50824
50824
50640
28848
28848
22448
2064
16416
45608
28976
32208
28720
28912
31024
32432
32400
50800
15760
50640
15792
32368
52400
14320
50824
50664
33640
50984
50984
50160
32080
32080
33616
2064
16448
45768
32400
32304
28816
32240
28720
28848
28912
50960
15792
22448
15824
28976
33616
50984
52424
33880
50824
50824
50240
32176
32176
33856
2064
16448
45928
28912
32368
32432
31024
28816
32080
32240
50800
15824
50240
15856
32400
33856
50264
50824
22472
50184
50184
50960
32208
32208
22448
2064
16448
45608
32240
32304
28976
28720
32432
32176
31024
50160
15856
50960
15888
28912
22448
50984
14320
14320
14320
52400
2064
16448
45768
31024
32400
28848
28816
28976
32208
28720
50960
15888
33616
15920
32240
52400
50984
33880
33640
50264
50264
50160
32080
32080
33616
2064
16448
45928
28720
28784
28912
32304
28848
32272
28816
50240
15920
33856
15952
31024
33616
50264
52424
22472
50184
50184
50960
32176
32176
22448
2064
16448
45608
28816
32400
32240
28976
28912
32080
32304
50160
15952
50960
15984
28720
22448
50984
50184
33880
50824
50824
50240
32208
32208
33856
2064
16448
45768
32304
28784
31024
28848
32240
32176
28976
50800
15984
50240
16016
28816
33856
50264
50824
33640
53064
53064
50960
32272
32272
33616
2064
16448
45928
28976
32400
28720
28912
31024
32208
28848
53040
16016
50960
16048
32304
33616
50984
53064
22472
52424
52424
50240
32080
32080
22448
2064
16448
45608
28848
28784
28816
32240
28720
32272
28912
52400
16048
50240
16080
28976
22448
50264
52424
33880
50184
50184
50960
32176
32176
33856
2064
16416
45768
28912
32400
32304
31024
28816
32080
32240
50160
16080
50960
16112
28848
53040
14320
50184
14352
14352
14352
52400
2064
16448
45608
32240
28720
28752
32432
32304
32176
31024
50160
16112
33856
16144
28912
52400
50184
22472
33640
50984
50984
50800
28976
28976
33616
2064
16448
45928
31024
32368
32080
32208
28752
28848
32432
50960
16144
22448
16176
32240
33616
50984
52424
33880
50824
50824
50160
32400
32400
33856
2064
16448
45768
32432
28720
28912
32304
32080
28976
32208
50800
16176
50160
16208
31024
33856
50184
50824
22472
50264
50264
50960
32176
32176
22448
2064
16448
45608
32208
32368
32240
28752
28912
32400
32304
50240
16208
50960
16240
32432
22448
50984
50264
33640
53064
53064
50160
28848
28848
33616
2064
16448
45928
32304
28720
31024
32080
32240
32176
28752
53040
16240
50160
16272
32208
33616
50184
53064
33880
52424
52424
50960
28976
28976
33856
2064
16448
45768
28752
32368
32432
28912
31024
28848
32080
52400
16272
50960
16304
32304
33856
50984
52424
22472
50824
50824
50160
32400
32400
22448
2064
16448
45608
32080
28720
32208
32240
32432
28976
28912
50800
16304
50160
16336
28752
22448
50184
50824
33640
50264
50264
50960
32176
32176
33616
2064
16448
45928
28912
32368
32304
31024
32208
32400
32240
50240
16336
50960
16368
32080
33616
50984
50264
33880
53064
53064
50160
28848
28848
33856
2064
16448
45768
32240
28720
28752
32432
32304
32176
31024
53040
16368
50160
16400
28912
33856
50184
14352
14352
14352
50800
2064
16448
45608
31024
32080
28976
32208
28752
28848
32432
50160
16400
22448
16432
32240
50800
50184
33640
22472
50984
50984
53040
32400
32400
22448
2064
16448
45928
32432
28944
28912
28720
28976
28816
32208
50960
16432
33616
16464
31024
22448
50984
50824
33880
53064
53064
50160
32176
32176
33856
2064
16448
45768
32208
32080
32240
28752
28912
32400
28720
53040
16464
50160
16496
32432
33856
50184
53064
33640
50264
50264
50960
28848
28848
33616
2064
16416
45608
28720
28944
31024
28976
32240
32176
28752
50240
16496
50960
16528
32208
50800
14320
50264
50984
22472
50184
50184
50320
32112
32112
22448
2064
16448
45768
28752
32400
32080
32016
31024
28848
28976
50160
16528
33616
16560
28720
22448
50184
50824
33880
50264
50264
53040
32432
32432
33856
2064
16448
45928
28976
32208
32176
32240
32080
32112
32016
50240
16560
53040
16592
28752
33856
53064
50264
33640
50344
50344
50160
28944
28944
33616
2064
16448
45608
32016
32400
28720
31024
32176
32432
32240
50320
16592
50160
16624
28976
33616
50184
50344
22472
50664
50664
53040
28848
28848
22448
2064
16448
45768
32240
32208
28752
32080
28720
28944
31024
50640
16624
53040
16656
32016
22448
53064
50664
33880
50824
50824
50160
32112
32112
33856
2064
16448
45928
31024
32400
28976
32176
28752
28848
32080
50800
16656
50160
16688
32240
33856
50184
50824
33640
50264
50264
53040
32432
32432
33616
2064
16448
45608
32080
32208
32016
28720
28976
32112
32176
50240
16688
53040
16720
31024
33616
53064
50264
22472
50344
50344
50160
28944
28944
22448
2064
16448
45768
32176
32400
32240
28752
32016
32432
28720
50320
16720
50160
16752
32080
22448
50184
14352
14352
14352
50800
2064
16448
45928
28720
31024
28848
28976
32240
28944
28752
50160
16752
33856
16784
32176
50800
50184
33640
33880
53064
53064
50320
32112
32112
33856
2064
16448
45608
28752
32368
32080
32400
28848
28816
28976
53040
16784
33616
16816
28720
33856
53064
50824
22472
50344
50344
50160
32432
32432
22448
2064
16416
45768
28976
31024
32176
32240
32080
32112
32400
50320
16816
50160
16848
28752
50640
14320
50344
50184
33640
53064
53064
52400
28912
28912
33616
2064
16448
45608
32400
28816
32368
32016
32176
32432
32240
53040
16848
22448
16880
28976
33616
53064
50664
33880
50344
50344
50800
28720
28720
33856
2064
16448
45928
32240
28752
32112
32080
32368
28912
32016
50320
16880
50800
16912
32400
33856
50824
50344
22472
52424
52424
53040
31024
31024
22448
2064
16448
45768
32016
28816
28976
32176
32112
28720
32080
52400
16912
53040
16944
32240
22448
53064
52424
33640
50984
50984
50800
32432
32432
33616
2064
16448
45608
32080
28752
32400
32368
28976
31024
32176
50960
16944
50800
16976
32016
33616
50824
50984
33880
50664
50664
53040
28912
28912
33856
2064
16448
45928
32176
28816
32240
32112
32400
32432
32368
50640
16976
53040
17008
32080
33856
53064
50664
22472
50344
50344
50800
28720
28720
22448
2064
16448
45768
32368
28752
32016
28976
32240
28912
32112
50320
17008
50800
17040
32176
22448
50824
50344
33640
52424
52424
53040
31024
31024
33616
2064
16448
45608
32112
28816
32080
32400
32016
28720
28976
52400
17040
53040
17072
32368
33616
53064
52424
33880
50984
50984
50800
32432
32432
33856
2064
16448
45928
28976
28752
32176
32240
32080
31024
32400
50960
17072
50800
17104
32112
33856
50824
50984
22472
50664
50664
53040
28912
28912
22448
2064
16448
45768
32400
28816
32368
32016
32176
32432
32240
50640
17104
53040
17136
28976
22448
53064
14352
14352
14352
52400
2064
16416
45608
32240
32112
28720
32080
32368
28912
32016
53040
17136
33616
17168
32400
33616
14320
50344
53064
33880
50664
50664
50240
28848
28848
33856
2064
16448
45768
32016
32272
32176
28816
28720
28784
32080
50640
17168
52400
17200
32240
33856
52424
50664
22472
50344
50344
50960
28976
28976
22448
2064
16448
45928
32080
32336
28912
32368
32176
28848
28816
50320
17200
50960
17232
32016
22448
50984
50344
33640
50264
50264
52400
32112
32112
33616
2064
16448
45608
28816
32272
32240
28720
28912
28976
32368
50240
17232
52400
17264
32080
33616
52424
50264
33880
50184
50184
50960
28784
28784
33856
2064
16448
45768
32368
32336
32016
32176
32240
32112
28720
50160
17264
50960
17296
28816
33856
50984
50184
22472
50664
50664
52400
28848
28848
22448
2064
16448
45928
28720
32272
32080
28912
32016
28784
32176
50640
17296
52400
17328
32368
22448
52424
50664
33640
50344
50344
50960
28976
28976
33616
2064
16448
45608
32176
32336
28816
32240
32080
28848
28912
50320
17328
50960
17360
28720
33616
50984
14352
14352
14352
50160
2064
16448
45768
28912
32368
32112
32016
28816
28976
32240
50960
17360
33856
17392
32176
50160
50984
22472
33880
52424
52424
50320
28784
28784
33856
2064
16416
45928
32240
28944
28720
32336
32112
28752
32016
52400
17392
22448
17424
28912
22448
14320
50664
52424
33640
50984
50984
50800
32272
32272
33616
2064
16448
45768
32016
28976
32368
32144
28720
28784
32336
50960
17424
33856
17456
32240
33616
50984
50184
33880
50664
50664
50240
32176
32176
33856
2064
16448
45608
32336
28912
28752
32112
32368
32272
32144
50640
17456
50240
17488
32016
33856
50264
50664
22472
50824
50824
50960
28944
28944
22448
2064
16448
45928
32144
28976
32240
28720
28752
32176
32112
50800
17488
50960
17520
32336
22448
50984
50824
33640
53064
53064
50240
28784
28784
33616
2064
16448
45768
32112
28912
32016
32368
32240
28944
28720
53040
17520
50240
17552
32144
33616
50264
53064
33880
50184
50184
50960
32272
32272
33856
2064
16448
45608
28720
28976
32336
28752
32016
28784
32368
50160
17552
50960
17584
32112
33856
50984
50184
22472
50664
50664
50240
32176
32176
22448
2064
16448
45928
32368
28912
32144
32240
32336
32272
28752
50640
17584
50240
17616
28720
22448
50264
50664
33640
50824
50824
50960
28944
28944
33616
2064
16448
45768
28752
28976
32112
32016
32144
32176
32240
50800
17616
50960
17648
32368
33616
50984
50824
33880
53064
53064
50240
28784
28784
33856
2064
16448
45608
32240
28912
28720
32336
32112
28944
32016
53040
17648
50240
17680
28752
33856
50264
53064
22472
50184
50184
50960
32272
32272
22448
2064
16416
45928
32016
28976
32368
32144
28720
28784
32336
50160
17680
50960
17712
32240
50800
14320
50184
50984
33640
50264
50264
50320
32304
32304
33616
2064
16448
45608
32336
28944
28912
32208
32368
32272
32144
50240
17712
22448
17744
32016
33616
50264
50824
33880
50184
50184
53040
28752
28752
33856
2064
16448
45768
32144
32240
28784
28720
28912
32304
32208
50160
17744
53040
17776
32336
33856
53064
50184
22472
50344
50344
50240
28976
28976
22448
2064
16448
45928
32208
28944
32016
32368
28784
28752
28720
50320
17776
50240
17808
32144
22448
50264
50344
33640
52424
52424
53040
32272
32272
33616
2064
16448
45608
28720
32240
32336
28912
32016
28976
32368
52400
17808
53040
17840
32208
33616
53064
52424
33880
50824
50824
50240
32304
32304
33856
2064
16448
45768
32368
28944
32144
28784
32336
32272
28912
50800
17840
50240
17872
28720
33856
50264
50824
22472
50184
50184
53040
28752
28752
22448
2064
16448
45928
28912
32240
32208
32016
32144
32304
28784
50160
17872
53040
17904
32368
22448
53064
50184
33640
50344
50344
50240
28976
28976
33616
2064
16448
45608
28784
28944
28720
32336
32208
28752
32016
50320
17904
50240
17936
28912
33616
50264
50344
33880
52424
52424
53040
32272
32272
33856
2064
16416
45768
32016
32240
32368
32144
28720
28976
32336
52400
17936
53040
17968
28784
50160
14320
52424
14320
14320
14320
50320
2064
16448
45608
32336
32208
32432
32080
32368
32272
32144
52400
17968
33856
18000
32016
50320
52424
14352
14352
14352
50160
2064
16448
45928
32144
28784
28912
28976
32432
32304
32080
22448
18000
33616
18032
32336
50160
33640
14320
14320
14320
53040
2064
16448
45768
32080
28752
32240
32016
28912
32208
28976
33856
18032
33616
18064
32144
53040
33640
50184
22472
52424
52424
50320
32272
32272
33616
2064
16448
45608
28976
31024
32336
28784
32240
32176
32016
50320
18064
22448
18096
32080
33616
50344
53064
33880
50824
50824
52400
32304
32304
33856
2064
16448
45928
32016
28752
32144
28912
32336
32272
28784
50800
18096
52400
18128
28976
33856
52424
50824
22472
50264
50264
50320
32208
32208
22448
2064
16448
45768
28784
31024
32080
32240
32144
32304
28912
50240
18128
50320
18160
32016
22448
50344
50264
33640
50184
50184
52400
32176
32176
33616
2064
16448
45608
28912
28752
28976
32336
32080
32208
32240
50160
18160
52400
18192
28784
33616
52424
50184
33880
53064
53064
50320
32272
32272
33856
2064
16448
45928
32240
31024
32016
32144
28976
32176
32336
53040
18192
50320
18224
28912
33856
50344
53064
22472
50824
50824
52400
32304
32304
22448
2064
16448
45768
32336
28752
28784
32080
32016
32272
32144
50800
18224
52400
18256
32240
22448
52424
50824
33640
50264
50264
50320
32208
32208
33616
2064
16448
45608
32144
31024
28912
28976
28784
32304
32080
50240
18256
50320
18288
32336
33616
50344
50264
33880
50184
50184
52400
32176
32176
33856
2064
16416
45928
32080
28752
32240
32016
28912
32208
28976
50160
18288
52400
18320
32144
50800
14320
50184
52424
22472
50344
50344
50640
28816
28816
22448
2064
16448
45608
28976
32304
31024
32368
32240
32176
32016
50320
18320
33856
18352
32080
22448
50344
50824
33640
50184
50184
50240
32336
32336
33616
2064
16448
45768
32016
32144
32208
28912
31024
28816
32368
50160
18352
50240
18384
28976
33616
50264
50184
33880
50664
50664
50320
28752
28752
33856
2064
16448
45928
32368
32304
32080
32240
32208
32336
28912
50640
18384
50320
18416
32016
33856
50344
50664
22472
50984
50984
50240
32176
32176
22448
2064
16448
45608
28912
32144
28976
31024
32080
28752
32240
50960
18416
50240
18448
32368
22448
50264
50984
33640
50824
50824
50320
28816
28816
33616
2064
16448
45768
32240
32304
32016
32208
28976
32176
31024
50800
18448
50320
18480
28912
33616
50344
50824
33880
50184
50184
50240
32336
32336
33856
2064
16448
45928
31024
32144
32368
32080
32016
28816
32208
50160
18480
50240
18512
32240
33856
50264
50184
22472
50664
50664
50320
28752
28752
22448
2064
16448
45608
32208
32304
28912
28976
32368
32336
32080
50640
18512
50320
18544
31024
22448
50344
14320
14320
14320
50800
2064
16448
45768
32080
32240
32176
32016
28912
28752
28976
50320
18544
33616
18576
32208
50800
50344
33880
33640
50264
50264
50640
28816
28816
33616
2064
16416
45928
28976
32400
31024
32304
32176
32272
32016
50240
18576
33856
18608
32080
33856
14320
50184
50264
22472
50344
50344
53040
32144
32144
22448
2064
16448
45768
32016
28752
32240
32432
31024
28816
32304
50320
18608
33616
18640
28976
22448
50344
50824
33640
50184
50184
50960
32208
32208
33616
2064
16448
45608
32304
32080
32272
32176
32240
32144
32432
50160
18640
50960
18672
32016
33616
50984
50184
33880
53064
53064
50320
32400
32400
33856
2064
16448
45928
32432
28752
28976
31024
32272
32208
32176
53040
18672
50320
18704
32304
33856
50344
53064
22472
52424
52424
50960
28816
28816
22448
2064
16448
45768
32176
32080
32016
32240
28976
32400
31024
52400
18704
50960
18736
32432
22448
50984
52424
33640
50824
50824
50320
32144
32144
33616
2064
16448
45608
31024
28752
32304
32272
32016
28816
32240
50800
18736
50320
18768
32176
33616
50344
50824
33880
50184
50184
50960
32208
32208
33856
2064
16448
45928
32240
32080
32432
28976
32304
32144
32272
50160
18768
50960
18800
31024
33856
50984
50184
22472
53064
53064
50320
32400
32400
22448
2064
16448
45768
32272
28752
32176
32016
32432
32208
28976
53040
18800
50320
18832
32240
22448
50344
53064
33640
52424
52424
50960
28816
28816
33616
2064
16448
45608
28976
32080
31024
32304
32176
32400
32016
52400
18832
50960
18864
32272
33616
50984
52424
33880
50824
50824
50320
32144
32144
33856
2064
16448
45928
32016
28752
32240
32432
31024
28816
32304
50800
18864
50320
18896
28976
33856
50344
50824
22472
50184
50184
50960
32208
32208
22448
2064
16448
45768
32304
32080
32272
32176
32240
32144
32432
50160
18896
50960
18928
32016
22448
50984
14352
14352
14352
52400
2064
16416
45608
32432
28976
32400
31024
32272
32208
32176
50960
18928
33616
18960
32304
33616
14320
53064
50984
33880
50184
50184
50640
28880
28880
33856
2064
16448
45768
32176
32112
32240
32080
32400
28720
31024
50160
18960
52400
18992
32432
33856
52424
50184
22472
53064
53064
50800
32016
32016
22448
2064
16448
45928
31024
28784
32208
32272
32240
28880
32080
53040
18992
50800
19024
32176
22448
50824
53064
33640
50664
50664
52400
28976
28976
33616
2064
16448
45608
32080
32112
32432
32400
32208
32016
32272
50640
19024
52400
19056
31024
33616
52424
50664
33880
50264
50264
50800
28720
28720
33856
2064
16448
45768
32272
28784
32176
32240
32432
28976
32400
50240
19056
50800
19088
32080
33856
50824
50264
22472
50184
50184
52400
28880
28880
22448
2064
16448
45928
32400
32112
31024
32208
32176
28720
32240
50160
19088
52400
19120
32272
22448
52424
50184
33640
53064
53064
50800
32016
32016
33616
2064
16448
45608
32240
28784
32080
32432
31024
28880
32208
53040
19120
50800
19152
32400
33616
50824
53064
33880
50664
50664
52400
28976
28976
33856
2064
16448
45768
32208
32112
32272
32176
32080
32016
32432
50640
19152
52400
19184
32240
33856
52424
50664
22472
50264
50264
50800
28720
28720
22448
2064
16416
45928
32432
28784
32400
31024
32272
28976
32176
50240
19184
50800
19216
32208
53040
14320
50264
50824
33640
52424
52424
50320
32144
32144
33616
2064
16448
45768
32176
32016
32112
32304
32400
28720
31024
52400
19216
22448
19248
32432
33616
52424
53064
33880
50264
50264
50640
32240
32240
33856
2064
16448
45608
31024
32208
28976
32272
32112
32144
32304
50240
19248
50640
19280
32176
33856
50664
50264
22472
50344
50344
52400
28784
28784
22448
2064
16448
45928
32304
32016
32432
32400
28976
32240
32272
50320
19280
52400
19312
31024
22448
52424
50344
33640
50984
50984
50640
28720
28720
33616
2064
16448
45768
32272
32208
32176
32112
32432
28784
32400
50960
19312
50640
19344
32304
33616
50664
50984
33880
53064
53064
52400
32144
32144
33856
2064
16448
45608
32400
32016
31024
28976
32176
28720
32112
53040
19344
52400
19376
32272
33856
52424
53064
22472
50264
50264
50640
32240
32240
22448
2064
16448
45928
32112
32208
32304
32432
31024
32144
28976
50240
19376
50640
19408
32400
22448
50664
50264
33640
50344
50344
52400
28784
28784
33616
2064
16448
45768
28976
32016
32272
32176
32304
32240
32432
50320
19408
52400
19440
32112
33616
52424
50344
33880
50984
50984
50640
28720
28720
33856
2064
16448
45608
32432
32208
32400
31024
32272
28784
32176
50960
19440
50640
19472
28976
33856
50664
50984
22472
53064
53064
52400
32144
32144
22448
2064
16448
45928
32176
32016
32112
32304
32400
28720
31024
53040
19472
52400
19504
32432
22448
52424
53064
33640
50264
50264
50640
32240
32240
33616
2064
16416
45768
31024
32208
28976
32272
32112
32144
32304
50240
19504
50640
19536
32176
50960
14320
50264
50664
33880
52424
52424
50160
32368
32368
33856
2064
16448
45928
32304
28720
32016
28880
28976
32240
32272
52400
19536
33616
19568
31024
33856
52424
50984
22472
50264
50264
53040
32432
32432
22448
2064
16448
45608
32272
32176
32144
32112
32016
32368
28880
50240
19568
53040
19600
32304
22448
53064
50264
33640
50184
50184
52400
32208
32208
33616
2064
16448
45768
28880
28720
31024
28976
32144
32432
32112
50160
19600
52400
19632
32272
33616
52424
14320
14320
14320
50960
2064
16448
45928
32112
32304
32240
32016
31024
32208
28976
52400
19632
33856
19664
28880
50960
52424
22472
33880
53064
53064
50160
32368
32368
33856
2064
16448
45608
28976
28816
32272
28720
32240
32400
32016
53040
19664
22448
19696
32112
33856
53064
50984
33640
50184
50184
52400
32432
32432
33616
2064
16448
45768
32016
32304
28880
31024
32272
32368
28720
50160
19696
52400
19728
28976
33616
52424
50184
22472
50264
50264
53040
32208
32208
22448
2064
16448
45928
28720
28816
32112
32240
28880
32432
31024
50240
19728
53040
19760
32016
22448
53064
50264
33880
50824
50824
52400
32400
32400
33856
2064
16448
45608
31024
32304
28976
32272
32112
32208
32240
50800
19760
52400
19792
28720
33856
52424
50824
33640
50984
50984
53040
32368
32368
33616
2064
16448
45768
32240
28816
32016
28880
28976
32400
32272
50960
19792
53040
19824
31024
33616
53064
14320
14320
14320
50240
2064
16416
45928
32272
28720
32432
32112
32016
32368
28880
53040
19824
22448
19856
32240
22448
14320
50184
53064
33880
50984
50984
50320
32144
32144
33856
2064
16448
45768
28880
32176
28976
28816
32432
28752
32112
50960
19856
50240
19888
32272
33856
50264
50984
33640
50184
50184
50800
31024
31024
33616
2064
16448
45608
32112
28784
32368
32016
28976
32144
28816
50160
19888
50800
19920
28880
33616
50824
50184
22472
50344
50344
50240
28720
28720
22448
2064
16448
45928
28816
32176
32272
32432
32368
31024
32016
50320
19920
50240
19952
32112
22448
50264
50344
33880
50664
50664
50800
28752
28752
33856
2064
16448
45768
32016
28784
28880
28976
32272
28720
32432
50640
19952
50800
19984
28816
33856
50824
50664
33640
50984
50984
50240
32144
32144
33616
2064
16448
45608
32432
32176
32112
32368
28880
28752
28976
50960
19984
50240
20016
32016
33616
50264
50984
22472
50184
50184
50800
31024
31024
22448
2064
16448
45928
28976
28784
28816
32272
32112
32144
32368
50160
20016
50800
20048
32432
22448
50824
50184
33880
50344
50344
50240
28720
28720
33856
2064
16448
45768
32368
32176
32016
28880
28816
31024
32272
50320
20048
50240
20080
28976
33856
50264
50344
33640
50664
50664
50800
28752
28752
33616
2064
16448
45608
32272
28784
32432
32112
32016
28720
28880
50640
20080
50800
20112
32368
33616
50824
50664
22472
50984
50984
50240
32144
32144
22448
2064
16448
45928
28880
32176
28976
28816
32432
28752
32112
50960
20112
50240
20144
32272
22448
50264
50984
33880
50184
50184
50800
31024
31024
33856
2064
16416
45768
32112
28784
32368
32016
28976
32144
28816
50160
20144
50800
20176
28880
50640
14320
50184
50824
33640
50264
50264
52400
32240
32240
33616
2064
16448
45928
28816
28752
32176
32208
32368
31024
32016
50240
20176
33856
20208
32112
33616
50264
50664
22472
50184
50184
50960
32272
32272
22448
2064
16448
45608
32016
28880
32144
28976
32176
32240
32208
50160
20208
50960
20240
28816
22448
50984
50184
33880
52424
52424
50240
28784
28784
33856
2064
16448
45768
32208
28752
32112
32368
32144
32272
28976
52400
20240
50240
20272
32016
33856
50264
52424
33640
53064
53064
50960
31024
31024
33616
2064
16448
45928
28976
28880
28816
32176
32112
28784
32368
53040
20272
50960
20304
32208
33616
50984
53064
22472
50664
50664
50240
32240
32240
22448
2064
16448
45608
32368
28752
32016
32144
28816
31024
32176
50640
20304
50240
20336
28976
22448
50264
14352
14352
14352
52400
2064
16448
45768
32176
32208
32272
32112
32016
32240
32144
50240
20336
33856
20368
32368
52400
50264
33640
33880
50984
50984
50640
28784
28784
33856
2064
16448
45928
32144
28720
28976
28752
32272
28912
32112
50960
20368
33616
20400
32176
33856
50984
52424
22472
50664
50664
50240
31024
31024
22448
2064
16448
45608
32112
32208
32368
32016
28976
28784
28752
50640
20400
50240
20432
32144
22448
50264
50664
33640
53064
53064
50960
32240
32240
33616
2064
16448
45768
28752
28720
32176
32272
32368
31024
32016
53040
20432
50960
20464
32112
33616
50984
53064
33880
50184
50184
50240
28912
28912
33856
2064
16448
45928
32016
32208
32144
28976
32176
32240
32272
50160
20464
50240
20496
28752
33856
50264
50184
22472
52424
52424
50960
28784
28784
22448
2064
16416
45608
32272
28720
32112
32368
32144
28912
28976
52400
20496
50960
20528
32016
53040
14320
52424
50984
33640
50264
50264
50320
28944
28944
33616
2064
16448
45928
28976
32240
32208
32304
32112
28784
32368
50240
20528
22448
20560
32272
33616
50264
53064
33880
52424
52424
50160
28752
28752
33856
2064
16448
45768
32368
32016
28912
32144
32208
28944
32304
52400
20560
50160
20592
28976
33856
50184
52424
22472
50344
50344
50240
28720
28720
22448
2064
16448
45608
32304
32240
32272
32112
28912
28752
32144
50320
20592
50240
20624
32368
22448
50264
50344
33640
50824
50824
50160
28784
28784
33616
2064
16448
45928
32144
32016
28976
32208
32272
28720
32112
50800
20624
50160
20656
32304
33616
50184
50824
33880
53064
53064
50240
28944
28944
33856
2064
16448
45768
32112
32240
32368
28912
28976
28784
32208
53040
20656
50240
20688
32144
33856
50264
53064
22472
52424
52424
50160
28752
28752
22448
2064
16448
45608
32208
32016
32304
32272
32368
28944
28912
52400
20688
50160
20720
32112
22448
50184
14352
14352
14352
50800
2064
16448
45928
28912
32144
28720
28976
32304
28752
32272
50160
20720
33616
20752
32208
50800
50184
33880
33640
50264
50264
52400
28784
28784
33616
2064
16448
45768
32272
28848
32112
32016
28720
32400
28976
50240
20752
33856
20784
28912
33616
50264
50824
22472
52424
52424
50160
28944
28944
22448
2064
16448
45608
28976
32144
32208
32304
32112
28784
32016
52400
20784
50160
20816
32272
22448
50184
14320
14320
14320
50320
2064
16416
45928
32016
28912
28752
28720
32208
28944
32304
50160
20816
33856
20848
28976
33856
14320
53064
50184
33640
52424
52424
50640
32240
32240
33616
2064
16448
45608
32304
31024
32112
32144
28752
32176
28720
52400
20848
50320
20880
32016
33616
50344
52424
22472
53064
53064
50800
32272
32272
22448
2064
16448
45768
28720
28816
28944
32208
32112
32240
32144
53040
20880
50800
20912
32304
22448
50824
53064
33880
50664
50664
50320
28912
28912
33856
2064
16448
45928
32144
31024
32016
28752
28944
32272
32208
50640
20912
50320
20944
28720
33856
50344
50664
33640
50984
50984
50800
32176
32176
33616
2064
16448
45608
32208
28816
32304
32112
32016
28912
28752
50960
20944
50800
20976
32144
33616
50824
50984
22472
52424
52424
50320
32240
32240
22448
2064
16448
45768
28752
31024
28720
28944
32304
32176
32112
52400
20976
50320
21008
32208
22448
50344
52424
33880
53064
53064
50800
32272
32272
33856
2064
16448
45928
32112
28816
32144
32016
28720
32240
28944
53040
21008
50800
21040
28752
33856
50824
53064
33640
50664
50664
50320
28912
28912
33616
2064
16448
45608
28944
31024
32208
32304
32144
32272
32016
50640
21040
50320
21072
32112
33616
50344
50664
22472
50984
50984
50800
32176
32176
22448
2064
16448
45768
32016
28816
28752
28720
32208
28912
32304
50960
21072
50800
21104
28944
22448
50824
50984
33880
52424
52424
50320
32240
32240
33856
2064
16448
45928
32304
31024
32112
32144
28752
32176
28720
52400
21104
50320
21136
32016
33856
50344
52424
33640
53064
53064
50800
32272
32272
33616
2064
16416
45608
28720
28816
28944
32208
32112
32240
32144
53040
21136
50800
21168
32304
50960
14320
53064
50824
22472
50344
50344
50240
28976
28976
22448
2064
16448
45928
32144
32176
31024
32400
28944
32272
32208
50320
21168
33616
21200
28720
22448
50344
50984
33880
53064
53064
52400
32016
32016
33856
2064
16448
45768
32208
32304
32240
32112
31024
28976
32400
53040
21200
52400
21232
32144
33856
52424
14352
14352
14352
50160
2064
16448
45608
32400
28720
28816
28944
32240
32016
32112
52400
21232
33616
21264
32208
50160
52424
22472
33640
50344
50344
53040
32272
32272
33616
2064
16448
45928
32112
32368
32144
32304
28816
32336
28944
50320
21264
22448
21296
32400
33616
50344
50184
33880
53064
53064
52400
28976
28976
33856
2064
16448
45768
28944
28720
32208
32240
32144
32272
32304
53040
21296
52400
21328
32112
33856
52424
53064
22472
50984
50984
50320
32016
32016
22448
2064
16448
45608
32304
32368
32400
28816
32208
28976
32240
50960
21328
50320
21360
28944
22448
50344
50984
33640
50264
50264
52400
32336
32336
33616
2064
16448
45928
32240
28720
32112
32144
32400
32016
28816
50240
21360
52400
21392
32304
33616
52424
50264
33880
50184
50184
50320
32272
32272
33856
2064
16448
45768
28816
32368
28944
32208
32112
32336
32144
50160
21392
50320
21424
32240
33856
50344
50184
22472
53064
53064
52400
28976
28976
22448
2064
16448
45608
32144
28720
32304
32400
28944
32272
32208
53040
21424
52400
21456
28816
22448
52424
53064
33640
50984
50984
50320
32016
32016
33616
2064
16416
45928
32208
32368
32240
32112
32304
28976
32400
50960
21456
50320
21488
32144
50160
14320
50984
50344
33880
52424
52424
50640
28752
28752
33856
2064
16448
45608
32400
32272
28720
32432
32240
32016
32112
52400
21488
33616
21520
32208
33856
52424
50184
22472
50984
50984
53040
28816
28816
22448
2064
16448
45768
32112
32144
28976
32304
28720
28752
32432
50960
21520
53040
21552
32400
22448
53064
50984
33640
50664
50664
52400
32368
32368
33616
2064
16448
45928
32432
32272
32208
32240
28976
28816
32304
50640
21552
52400
21584
32112
33616
52424
50664
33880
50824
50824
53040
32016
32016
33856
2064
16448
45608
32304
32144
32400
28720
32208
32368
32240
50800
21584
53040
21616
32432
33856
53064
50824
22472
50184
50184
52400
28752
28752
22448
2064
16448
45768
32240
32272
32112
28976
32400
32016
28720
50160
21616
52400
21648
32304
22448
52424
50184
33640
50984
50984
53040
28816
28816
33616
2064
16448
45928
28720
32144
32432
32208
32112
28752
28976
50960
21648
53040
21680
32240
33616
53064
50984
33880
50664
50664
52400
32368
32368
33856
2064
16448
45608
28976
32272
32304
32400
32432
28816
32208
50640
21680
52400
21712
28720
33856
52424
50664
22472
50824
50824
53040
32016
32016
22448
2064
16448
45768
32208
32144
32240
32112
32304
32368
32400
50800
21712
53040
21744
28976
22448
53064
50824
33640
50184
50184
52400
28752
28752
33616
2064
16448
45928
32400
32272
28720
32432
32240
32016
32112
50160
21744
52400
21776
32208
33616
52424
14352
14352
14352
50640
2064
16416
45608
32112
28976
28816
32304
28720
28752
32432
52400
21776
33856
21808
32400
33856
14320
50984
14320
14320
14320
50800
2064
16448
45928
32432
32016
32272
28784
28816
32400
32304
50960
21808
22448
21840
32112
50800
50984
33640
22472
52424
52424
50640
32208
32208
22448
2064
16448
45768
32304
31024
28752
28912
32272
32176
28784
52400
21840
33616
21872
32432
22448
52424
50824
33880
50664
50664
50960
28976
28976
33856
2064
16448
45608
28784
32016
32112
28816
28752
32208
28912
50640
21872
50960
21904
32304
33856
50984
50664
33640
50184
50184
52400
32400
32400
33616
2064
16448
45928
28912
31024
32432
32272
32112
28976
28816
50160
21904
52400
21936
28784
33616
52424
50184
22472
53064
53064
50960
32176
32176
22448
2064
16448
45768
28816
32016
32304
28752
32432
32400
32272
53040
21936
50960
21968
28912
22448
50984
53064
33880
50824
50824
52400
32208
32208
33856
2064
16448
45608
32272
31024
28784
32112
32304
32176
28752
50800
21968
52400
22000
28816
33856
52424
50824
33640
50664
50664
50960
28976
28976
33616
2064
16448
45928
28752
32016
28912
32432
28784
32208
32112
50640
22000
50960
22032
32272
33616
50984
50664
22472
50184
50184
52400
32400
32400
22448
2064
16448
45768
32112
31024
28816
32304
28912
28976
32432
50160
22032
52400
22064
28752
22448
52424
50184
33880
53064
53064
50960
32176
32176
33856
2064
16448
45608
32432
32016
32272
28784
28816
32400
32304
53040
22064
50960
22096
32112
33856
50984
53064
33640
50824
50824
52400
32208
32208
33616
2064
16416
45928
32304
31024
28752
28912
32272
32176
28784
50800
22096
52400
22128
32432
50160
14320
50824
14352
14352
14352
53040
2064
16448
45608
28784
28816
28944
32240
28752
32208
28912
50800
22128
33616
22160
32304
53040
50824
33880
22472
52424
52424
50640
32112
32112
22448
2064
16448
45768
28912
28720
32176
28976
28944
32432
32240
52400
22160
33856
22192
28784
22448
52424
53064
33640
50664
50664
50800
31024
31024
33616
2064
16448
45928
32240
28816
32304
28752
32176
32112
28976
50640
22192
50800
22224
28912
33616
50824
50664
33880
50984
50984
52400
32208
32208
33856
2064
16448
45608
28976
28720
28784
28944
32304
31024
28752
50960
22224
52400
22256
32240
33856
52424
50984
22472
50184
50184
50800
32432
32432
22448
2064
16448
45768
28752
28816
28912
32176
28784
32208
28944
50160
22256
50800
22288
28976
22448
50824
14320
14320
14320
50640
2064
16448
45928
28944
32240
32112
32304
28912
32432
32176
50800
22288
33616
22320
28752
50640
50824
33880
33640
52424
52424
50160
31024
31024
33616
2064
16448
45608
32176
32368
28976
28816
32112
32080
32304
52400
22320
33856
22352
28944
33616
52424
50664
22472
50184
50184
50800
32208
32208
22448
2064
16448
45768
32304
32240
28752
28912
28976
31024
28816
50160
22352
50800
22384
32176
22448
50824
50184
33880
50984
50984
52400
32432
32432
33856
2064
16448
45928
28816
32368
28944
32112
28752
32208
28912
50960
22384
52400
22416
32304
33856
52424
50984
33640
53064
53064
50800
32080
32080
33616
2064
16448
45608
28912
32240
32176
28976
28944
32432
32112
53040
22416
50800
22448
28816
33616
50824
53064
22472
50664
50664
52400
31024
31024
22448
2064
16448
45768
32112
32368
32304
28752
32176
32080
28976
50640
22448
52400
22480
28912
22448
52424
50664
33880
50184
50184
50800
32208
32208
33856
2064
16416
45928
28976
32240
28816
28944
32304
31024
28752
50160
22480
50800
22512
32112
53040
14320
50184
50824
33640
52424
52424
50240
32272
32272
33616
2064
16448
45768
28752
32080
32368
28848
28816
32208
28944
52400
22512
33856
32304
32112
33616
52424
53064
22472
50184
50184
50640
28912
28912
22448
2064
16448
45608
28944
28784
31024
32240
32368
32272
28848
50160
32080
50640
32208
32080
22448
50664
14352
14352
14352
50320
2064
16448
45928
28848
32112
28976
32304
31024
28912
32240
50640
28784
33856
32272
28784
50320
50664
33640
33880
52424
52424
50160
28752
28752
33856
2064
16448
45768
32240
32144
32080
28880
28976
32368
32304
52400
32112
33616
28912
32112
33856
52424
14352
14352
14352
53040
2064
16448
45608
32304
28784
28944
32272
32080
28752
28880
52400
32144
22448
32368
32144
53040
52424
33640
22472
50664
50664
50320
28848
28848
22448
2064
16448
45928
28880
29008
32112
32336
28944
28976
32272
50640
28784
33616
28752
28784
22448
50664
53064
33880
50344
50344
52400
32240
32240
33856
2064
16448
45768
32272
31024
32144
32368
32112
28848
32336
50320
29008
52400
28976
29008
33856
52424
50344
33640
50264
50264
50640
32304
32304
33616
2064
16448
45608
32336
28720
28784
28752
32144
32240
32368
50240
31024
50640
28848
31024
33616
50664
50264
22472
50184
50184
52400
28880
28880
22448
2064
16448
45928
32368
32176
29008
28976
28784
32304
28752
50160
28720
52400
32240
28720
22448
52424
50184
33880
53064
53064
50640
32272
32272
33856
2064
16448
45768
28752
32016
31024
28848
29008
28880
28976
53040
32176
50640
32304
32176
33856
50664
53064
33640
50344
50344
52400
32336
32336
33616
2064
16448
45608
28976
32400
28720
32240
31024
32272
28848
50320
32016
52400
28880
32016
33616
52424
50344
22472
50264
50264
50640
32368
32368
22448
2064
16416
45928
28848
28816
32176
32304
28720
32336
32240
50240
32400
50640
32272
32400
53040
14320
50264
50664
33880
52424
52424
50960
32112
32112
33856
2064
16448
45608
32240
28976
32432
28784
32176
32368
32304
52400
28816
22448
32336
28816
33856
52424
53064
33640
50264
50264
50320
32016
32016
33616
2064
16448
45768
32304
28720
28848
32272
32432
32112
28784
50240
28976
50320
32368
28976
33616
50344
50264
22472
50984
50984
52400
32400
32400
22448
2064
16448
45928
28784
31024
28816
32336
28848
32016
32272
50960
28720
52400
32112
28720
22448
52424
50984
33880
50824
50824
50320
32240
32240
33856
2064
16448
45608
32272
28912
28976
32368
28816
32400
32336
50800
31024
50320
32016
31024
33856
50344
50824
33640
53064
53064
52400
32304
32304
33616
2064
16448
45768
32336
28880
28720
32112
28976
32240
32368
53040
28912
52400
32400
28912
33616
52424
53064
22472
50264
50264
50320
28784
28784
22448
2064
16448
45928
32368
28944
31024
32016
28720
32304
32112
50240
28880
50320
32240
28880
22448
50344
50264
33880
50984
50984
52400
32272
32272
33856
2064
16448
45608
32112
32208
28912
32400
31024
28784
32016
50960
28944
52400
32304
28944
33856
52424
14320
14320
14320
53040
2064
16416
45768
32016
28880
32336
32240
28912
32272
32400
52400
32208
33616
28784
32208
33616
14320
50824
52424
22472
50984
50984
50160
32176
32176
22448
2064
16448
45608
32400
31024
32304
28752
32336
29008
32240
50960
28880
53040
32272
28880
22448
53064
50984
33880
50824
50824
50240
28944
28944
33856
2064
16448
45928
32240
28912
32016
28784
32304
32176
28752
50800
31024
50240
29008
31024
33856
50264
50824
33640
50184
50184
53040
28848
28848
33616
2064
16448
45768
28752
32080
28880
32272
32016
28944
28784
50160
28912
53040
32176
28912
33616
53064
50184
22472
50664
50664
50240
32400
32400
22448
2064
16448
45608
28784
32432
31024
29008
28880
28848
32272
50640
32080
50240
28944
32080
22448
50264
50664
33880
50984
50984
53040
32240
32240
33856
2064
16448
45928
32272
32112
28912
32176
31024
32400
29008
50960
32432
53040
28848
32432
33856
53064
50984
33640
50824
50824
50240
28752
28752
33616
2064
16448
45768
29008
28816
32080
28944
28912
32240
32176
50800
32112
50240
32400
32112
33616
50264
14320
14320
14320
50640
2064
16448
45608
32176
32432
28784
28848
32080
28752
28944
50240
28816
22448
32240
28816
50640
50264
33880
22472
53064
53064
50800
32272
32272
22448
2064
16448
45928
28944
28976
32112
32144
28784
28912
28848
53040
32432
33856
28752
32432
22448
53064
50664
33640
50824
50824
50240
29008
29008
33616
2064
16448
45768
28848
31024
28816
32240
32112
32272
32144
50800
28976
50240
28912
28976
33616
50264
50824
33880
50984
50984
53040
32176
32176
33856
2064
16416
45608
32144
32336
32432
28752
28816
29008
32240
50960
31024
53040
32272
31024
50640
14320
50984
53064
22472
50264
50264
50320
28880
28880
22448
2064
16448
45768
32240
28848
32368
32080
32432
32176
28752
50240
32336
33856
29008
32336
22448
50264
50664
33640
50984
50984
50800
28976
28976
33616
2064
16448
45928
28752
28816
32144
32272
32368
28880
32080
50960
28848
50800
32176
28848
33616
50824
50984
33880
50344
50344
50240
31024
31024
33856
2064
16448
45608
32080
32112
32336
29008
32144
28976
32272
50320
28816
50240
28880
28816
33856
50264
50344
22472
52424
52424
50800
32240
32240
22448
2064
16448
45768
32272
28720
28848
32176
32336
31024
29008
52400
32112
50800
28976
32112
22448
50824
52424
33640
50664
50664
50240
28752
28752
33616
2064
16448
45928
29008
28912
28816
28880
28848
32240
32176
50640
28720
50240
31024
28720
33616
50264
50664
33880
50984
50984
50800
32080
32080
33856
2064
16448
45608
32176
32304
32112
28976
28816
28752
28880
50960
28912
50800
32240
28912
33856
50824
50984
22472
50344
50344
50240
32272
32272
22448
2064
16448
45768
28880
32016
28720
31024
32112
32080
28976
50320
32304
50240
28752
32304
22448
50264
50344
33640
52424
52424
50800
29008
29008
33616
2064
16416
45928
28976
32400
28912
32240
28720
32272
31024
52400
32016
50800
32080
32016
50960
14320
52424
50824
33880
50264
50264
50160
32144
32144
33856
2064
16448
45768
31024
28880
28944
28848
28912
29008
32240
50240
32400
33616
32272
32400
33856
50264
50984
22472
52424
52424
50320
32304
32304
22448
2064
16448
45608
32240
28720
28976
32080
28944
32144
28848
52400
28880
50320
29008
28880
22448
50344
52424
33640
50184
50184
50240
32016
32016
33616
2064
16448
45928
28848
32112
32400
32272
28976
32304
32080
50160
28720
50240
32144
28720
33616
50264
50184
33880
53064
53064
50320
31024
31024
33856
2064
16448
45768
32080
32208
28880
29008
32400
32016
32272
53040
32112
50320
32304
32112
33856
50344
53064
22472
50984
50984
50240
32240
32240
22448
2064
16448
45608
32272
28752
28720
32144
28880
31024
29008
50960
32208
50240
32016
32208
22448
50264
50984
33640
52424
52424
50320
28848
28848
33616
2064
16448
45928
29008
32368
32112
32304
28720
32240
32144
52400
28752
50320
31024
28752
33616
50344
52424
33880
50184
50184
50240
32080
32080
33856
2064
16448
45768
32144
28784
32208
32016
32112
28848
32304
50160
32368
50240
32240
32368
33856
50264
50184
22472
53064
53064
50320
32272
32272
22448
2064
16448
45608
32304
32336
28752
31024
32208
32080
32016
53040
28784
50320
28848
28784
22448
50344
53064
33640
50984
50984
50240
29008
29008
33616
2064
16448
45928
32016
32176
32368
32240
28752
32272
31024
50960
32336
50240
32080
32336
33616
50264
50984
33880
52424
52424
50320
32144
32144
33856
2064
16416
45768
31024
28816
28784
28848
32368
29008
32240
52400
32176
50320
32272
32176
53040
14320
52424
50344
22472
50264
50264
50640
28880
28880
22448
2064
16448
45928
32240
32016
32432
32112
28784
32144
28848
50240
28816
33856
29008
28816
22448
50264
53064
33640
52424
52424
50960
32336
32336
33616
2064
16448
45608
28848
32368
31024
32272
32432
28880
32112
52400
32016
50960
32144
32016
33616
50984
52424
33880
50664
50664
50240
32176
32176
33856
2064
16448
45768
32112
28752
28816
29008
31024
32336
32272
50640
32368
50240
28880
32368
33856
50264
50664
22472
50824
50824
50960
32240
32240
22448
2064
16448
45928
32272
28944
32016
32144
28816
32176
29008
50800
28752
50960
32336
28752
22448
50984
50824
33640
53064
53064
50240
28848
28848
33616
2064
16448
45608
29008
32080
32368
28880
32016
32240
32144
53040
28944
50240
32176
28944
33616
50264
53064
33880
52424
52424
50960
32112
32112
33856
2064
16448
45768
32144
32400
28752
32336
32368
28848
28880
52400
32080
50960
32240
32080
33856
50984
52424
22472
50664
50664
50240
32272
32272
22448
2064
16448
45928
28880
28912
28944
32176
28752
32112
32336
50640
32400
50240
28848
32400
22448
50264
50664
33640
50824
50824
50960
29008
29008
33616
2064
16448
45608
32336
28720
32080
32240
28944
32272
32176
50800
28912
50960
32112
28912
33616
50984
50824
33880
53064
53064
50240
32144
32144
33856
2064
16448
45768
32176
32304
32400
28848
32080
29008
32240
53040
28720
50240
32272
28720
33856
50264
14352
14352
14352
50640
2064
16416
45928
32240
28912
28880
32112
32400
32144
28848
50240
32304
22448
29008
32304
22448
14320
52424
50264
33640
53064
53064
50160
31024
31024
33616
2064
16448
45768
28848
32080
32272
28976
28880
28784
32112
53040
28912
50640
32144
28912
33616
50664
53064
33880
52424
52424
50800
28720
28720
33856
2064
16448
45608
32112
32400
32240
29008
32272
31024
28976
52400
32080
50800
28784
32080
33856
50824
52424
22472
50184
50184
50640
32016
32016
22448
2064
16448
45928
28976
32432
28912
32144
32240
28720
29008
50160
32400
50640
31024
32400
22448
50664
50184
33640
50344
50344
50800
28848
28848
33616
2064
16448
45768
29008
28816
32080
28784
28912
32016
32144
50320
32432
50800
28720
32432
33616
50824
50344
33880
53064
53064
50640
32112
32112
33856
2064
16448
45608
32144
32176
32400
31024
32080
28848
28784
53040
28816
50640
32016
28816
33856
50664
53064
22472
52424
52424
50800
28976
28976
22448
2064
16448
45928
28784
32368
32432
28720
32400
32112
31024
52400
32176
50800
28848
32176
22448
50824
52424
33640
50184
50184
50640
29008
29008
33616
2064
16448
45768
31024
32304
28816
32016
32432
28976
28720
50160
32368
50640
32112
32368
33616
50664
50184
33880
50344
50344
50800
32144
32144
33856
2064
16448
45608
28720
32208
32176
28848
28816
29008
32016
50320
32304
50800
28976
32304
33856
50824
50344
22472
53064
53064
50640
28784
28784
22448
2064
16448
45928
32016
32336
32368
32112
32176
32144
28848
53040
32208
50640
29008
32208
22448
50664
53064
33640
52424
52424
50800
31024
31024
33616
2064
16416
45768
28848
28752
32304
28976
32368
28784
32112
52400
32336
50800
32144
32336
50320
14320
52424
50824
33880
50664
50664
50960
32080
32080
33856
2064
16448
45928
32112
32016
28944
32432
32304
31024
28976
50640
28752
33616
28784
28752
33856
50664
50344
22472
52424
52424
53040
32208
32208
22448
2064
16448
45608
28976
32368
28848
32144
28944
32080
32432
52400
32016
53040
31024
32016
22448
53064
52424
33640
50984
50984
50640
32336
32336
33616
2064
16448
45768
32432
32176
28752
28784
28848
32208
32144
50960
32368
50640
32080
32368
33616
50664
14352
14352
14352
50320
2064
16448
45928
32144
32016
32112
31024
28752
32336
28784
50640
32176
33856
32208
32176
50320
50664
22472
33880
53064
53064
50960
28976
28976
33856
2064
16448
45608
28784
28880
32368
29008
32112
28848
31024
53040
32016
22448
32336
32016
33856
53064
50344
33640
50984
50984
50640
32432
32432
33616
2064
16448
45768
31024
28944
32176
32208
32368
28976
29008
50960
28880
50640
28848
28880
33616
50664
50984
22472
52424
52424
53040
32144
32144
22448
2064
16448
45928
29008
28720
32016
32336
32176
32432
32208
52400
28944
53040
28976
28944
22448
53064
52424
33880
50264
50264
50640
28784
28784
33856
2064
16448
45608
32208
28912
28880
28848
32016
32144
32336
50240
28720
50640
32432
28720
33856
50664
50264
33640
50344
50344
53040
31024
31024
33616
2064
16448
45768
32336
32240
28944
28976
28880
28784
28848
50320
28912
53040
32144
28912
33616
53064
14320
14320
14320
52400
2064
16448
45928
28848
28720
29008
32432
28944
31024
28976
53040
32240
22448
28784
32240
52400
53064
33880
22472
50664
50664
50320
32208
32208
22448
2064
16448
45608
28976
32304
28912
32272
29008
28880
32432
50640
28720
33856
31024
28720
22448
50664
52424
33640
50344
50344
53040
32336
32336
33616
2064
16416
45768
32432
32016
32240
28784
28912
32208
32272
50320
32304
53040
28880
32304
50960
14320
50344
53064
33880
50664
50664
50160
32112
32112
33856
2064
16448
45608
32272
28976
28752
32144
32240
32336
28784
50640
32016
33616
32208
32016
33856
50664
50984
22472
50344
50344
52400
28720
28720
22448
2064
16448
45928
28784
28912
32432
28880
28752
32112
32144
50320
28976
52400
32336
28976
22448
52424
50344
33640
50184
50184
50640
32304
32304
33616
2064
16448
45768
32144
29008
32016
32208
32432
28720
28880
50160
28912
50640
32112
28912
33616
50664
50184
33880
50824
50824
52400
32272
32272
33856
2064
16448
45608
28880
32368
28976
32336
32016
32304
32208
50800
29008
52400
28720
29008
33856
52424
50824
22472
50984
50984
50640
28784
28784
22448
2064
16448
45928
32208
31024
28912
32112
28976
32272
32336
50960
32368
50640
32304
32368
22448
50664
50984
33640
50344
50344
52400
32144
32144
33616
2064
16448
45768
32336
32400
29008
28720
28912
28784
32112
50320
31024
52400
32272
31024
33616
52424
50344
33880
50184
50184
50640
28880
28880
33856
2064
16448
45608
32112
28816
32368
32304
29008
32144
28720
50160
32400
50640
28784
32400
33856
50664
50184
22472
50824
50824
52400
32208
32208
22448
2064
16448
45928
28720
32176
31024
32272
32368
28880
32304
50800
28816
52400
32144
28816
22448
52424
50824
33640
50984
50984
50640
32336
32336
33616
2064
16416
45768
32304
28848
32400
28784
31024
32208
32272
50960
32176
50640
28880
32176
50160
14320
50984
50664
33880
52424
52424
50240
32016
32016
33856
2064
16448
45928
32272
28720
28944
28912
32400
32336
28784
52400
28848
33616
32208
28848
33856
52424
50184
22472
50984
50984
50800
28816
28816
22448
2064
16448
45608
28784
31024
32304
28880
28944
32016
28912
50960
28720
50800
32336
28720
22448
50824
50984
33640
50264
50264
52400
32176
32176
33616
2064
16448
45768
28912
32368
28848
32208
32304
28816
28880
50240
31024
52400
32016
31024
33616
52424
50264
33880
53064
53064
50800
32272
32272
33856
2064
16448
45928
28880
32240
28720
32336
28848
32176
32208
53040
32368
50800
28816
32368
33856
50824
53064
22472
50184
50184
52400
28784
28784
22448
2064
16448
45608
32208
32144
31024
32016
28720
32272
32336
50160
32240
52400
32176
32240
22448
52424
50184
33640
50984
50984
50800
28912
28912
33616
2064
16448
45768
32336
32432
32368
28816
31024
28784
32016
50960
32144
50800
32272
32144
33616
50824
50984
33880
50264
50264
52400
28880
28880
33856
2064
16448
45928
32016
32080
32240
32176
32368
28912
28816
50240
32432
52400
28784
32432
33856
52424
50264
22472
53064
53064
50800
32208
32208
22448
2064
16448
45608
28816
28976
32144
32272
32240
28880
32176
53040
32080
50800
28912
32080
22448
50824
53064
33640
50184
50184
52400
32336
32336
33616
2064
16448
45768
32176
32112
32432
28784
32144
32208
32272
50160
28976
52400
28880
28976
33616
52424
14320
14320
14320
50240
2064
16416
45928
32272
32080
32016
28912
32432
32336
28784
52400
32112
33856
32208
32112
33856
14320
50984
52424
22472
50184
50184
50320
32304
32304
22448
2064
16448
45768
28784
32144
28880
28752
32016
32400
28912
50160
32080
50240
32336
32080
22448
50264
50184
33640
50984
50984
53040
28976
28976
33616
2064
16448
45608
28912
32432
32272
32208
28880
32304
28752
50960
32144
53040
32400
32144
33616
53064
50984
33880
50344
50344
50240
28720
28720
33856
2064
16448
45928
28752
28944
32080
32336
32272
28976
32208
50320
32432
50240
32304
32432
33856
50264
50344
22472
50664
50664
53040
28784
28784
22448
2064
16448
45768
32208
28848
32144
32400
32080
28720
32336
50640
28944
53040
28976
28944
22448
53064
50664
33640
50184
50184
50240
28912
28912
33616
2064
16448
45608
32336
32176
32432
32304
32144
28784
32400
50160
28848
50240
28720
28848
33616
50264
50184
33880
50984
50984
53040
28752
28752
33856
2064
16448
45928
32400
31024
28944
28976
32432
28912
32304
50960
32176
53040
28784
32176
33856
53064
50984
22472
50344
50344
50240
32208
32208
22448
2064
16448
45768
32304
32112
28848
28720
28944
28752
28976
50320
31024
50240
28912
31024
22448
50264
50344
33640
50664
50664
53040
32336
32336
33616
2064
16416
45608
28976
29008
32176
28784
28848
32208
28720
50640
32112
53040
28752
32112
50960
14320
50664
53064
33880
50264
50264
50800
32272
32272
33856
2064
16448
45768
28720
32304
28816
32144
32176
32336
28784
50240
29008
33616
32208
29008
33856
50264
50984
22472
50664
50664
50320
31024
31024
22448
2064
16448
45928
28784
28848
28976
28752
28816
32272
32144
50640
32304
50320
32336
32304
22448
50344
50664
33640
50824
50824
50240
32112
32112
33616
2064
16448
45608
32144
28944
29008
32208
28976
31024
28752
50800
28848
50240
32272
28848
33616
50264
50824
33880
52424
52424
50320
28720
28720
33856
2064
16448
45768
28752
32240
32304
32336
29008
32112
32208
52400
28944
50320
31024
28944
33856
50344
14352
14352
14352
50640
2064
16448
45928
32208
28848
28784
32272
32304
28720
32336
50320
32240
22448
32112
32240
50640
50344
33640
22472
50264
50264
52400
32144
32144
22448
2064
16448
45608
32336
32080
28944
28880
28784
29008
32272
50240
28848
33616
28720
28848
22448
50264
50664
33880
52424
52424
50320
28752
28752
33856
2064
16448
45768
32272
28976
32240
32112
28944
32144
28880
52400
32080
50320
29008
32080
33856
50344
52424
33640
50824
50824
50240
32208
32208
33616
2064
16448
45928
28880
32432
28848
28720
32240
28752
32112
50800
28976
50240
32144
28976
33616
50264
50824
22472
50984
50984
50320
32336
32336
22448
2064
16448
45608
32112
32368
32080
29008
28848
32208
28720
50960
32432
50320
28752
32432
22448
50344
50984
33880
50664
50664
50240
32272
32272
33856
2064
16448
45768
28720
32176
28976
32144
32080
32336
29008
50640
32368
50240
32208
32368
33856
50264
50664
33640
52424
52424
50320
28880
28880
33616
2064
16416
45928
29008
32400
32432
28752
28976
32272
32144
52400
32176
50320
32336
32176
50960
14320
52424
50344
22472
50264
50264
50160
28784
28784
22448
2064
16448
45768
32144
28720
28912
32240
32432
28880
28752
50240
32400
33616
32272
32400
22448
50264
14352
14352
14352
50160
2064
16448
45608
28752
29008
32368
32336
28912
28784
32240
50240
28720
33856
28880
28720
50160
50264
33640
33880
50664
50664
50960
32176
32176
33856
2064
16448
45928
32240
32208
32400
32080
32368
32432
32336
50640
29008
33616
28784
29008
33856
50664
50184
22472
50984
50984
50240
32144
32144
22448
2064
16448
45768
32336
31024
28720
28880
32400
32176
32080
50960
32208
50240
32432
32208
22448
50264
14320
14320
14320
52400
2064
16448
45608
32080
29008
28752
28784
28720
32144
28880
50240
31024
33616
32176
31024
52400
50264
33880
33640
50664
50664
50960
32240
32240
33616
2064
16448
45928
28880
32304
32208
28816
28752
32400
28784
50640
29008
33856
32144
29008
33616
50664
52424
22472
50984
50984
50240
32336
32336
22448
2064
16448
45768
28784
32368
31024
32176
32208
32240
28816
50960
32304
50240
32400
32304
22448
50264
14352
14352
14352
53040
2064
16448
45608
28816
29008
32080
32144
31024
32336
32176
50240
32368
33856
32240
32368
53040
50264
33640
33880
50664
50664
50960
28880
28880
33856
2064
16448
45928
32176
28976
32304
32112
32080
32208
32144
50640
29008
33616
32336
29008
33856
50664
53064
22472
50984
50984
50240
28784
28784
22448
2064
16448
45768
32144
28752
32368
32240
32304
28880
32112
50960
28976
50240
32208
28976
22448
50264
50984
33640
52424
52424
50640
28816
28816
33616
2064
16448
45608
32112
28848
29008
32336
32368
28784
32240
52400
28752
50640
28880
28752
33616
50664
52424
33880
50184
50184
50240
32176
32176
33856
2064
16416
45928
32240
32272
28976
32208
29008
28816
32336
50160
28848
50240
28784
28848
50960
14320
50184
50264
22472
50664
50664
50800
32400
32400
22448
2064
16448
45608
32336
32112
32432
32080
28976
32176
32208
50640
32272
33856
28816
32272
22448
50664
50984
33640
50184
50184
52400
28752
28752
33616
2064
16448
45768
32208
29008
32240
28784
32432
32400
32080
50160
32112
52400
32176
32112
33616
52424
50184
33880
50824
50824
50640
28848
28848
33856
2064
16448
45928
32080
32368
32272
28816
32240
28752
28784
50800
29008
50640
32400
29008
33856
50664
50824
22472
50344
50344
52400
32336
32336
22448
2064
16448
45608
28784
28944
32112
32176
32272
28848
28816
50320
32368
52400
28752
32368
22448
52424
50344
33640
50984
50984
50640
32208
32208
33616
2064
16448
45768
28816
28880
29008
32400
32112
32336
32176
50960
28944
50640
28848
28944
33616
50664
50984
33880
50184
50184
52400
32080
32080
33856
2064
16448
45928
32176
28720
32368
28752
29008
32208
32400
50160
28880
52400
32336
28880
33856
52424
50184
22472
50824
50824
50640
28784
28784
22448
2064
16448
45608
32400
32016
28944
28848
32368
32080
28752
50800
28720
50640
32208
28720
22448
50664
50824
33640
50344
50344
52400
28816
28816
33616
2064
16448
45768
28752
31024
28880
32336
28944
28784
28848
50320
32016
52400
32080
32016
33616
52424
50344
33880
50984
50984
50640
32176
32176
33856
2064
16416
45928
28848
32144
28720
32208
28880
28816
32336
50960
31024
50640
28784
31024
50800
14320
50984
50664
22472
52424
52424
53040
32272
32272
22448
2064
16448
45768
32336
28752
32304
29008
28720
32176
32208
52400
32144
33856
28816
32144
22448
52424
14352
14352
14352
53040
2064
16448
45608
32208
28848
32016
28784
32304
32272
29008
52400
28752
33616
32176
28752
53040
52424
33880
33640
50344
50344
50800
31024
31024
33616
2064
16448
45928
29008
32080
32144
28944
32016
28720
28784
50320
28848
33856
32272
28848
33616
50344
53064
22472
50824
50824
52400
32336
32336
22448
2064
16448
45768
28784
32432
28752
32176
32144
31024
28944
50800
32080
52400
28720
32080
22448
52424
50824
33880
50264
50264
50320
32208
32208
33856
2064
16448
45608
28944
28912
28848
32272
28752
32336
32176
50240
32432
50320
31024
32432
33856
50344
14352
14352
14352
53040
2064
16448
45928
32176
32080
29008
28720
28848
32208
32272
50320
28912
33616
32336
28912
53040
50344
22472
33640
52424
52424
50240
28784
28784
33616
2064
16448
45768
32272
28880
32432
32400
29008
28752
28720
52400
32080
22448
32208
32080
33616
52424
53064
33880
50264
50264
50320
28944
28944
33856
2064
16448
45608
28720
32144
28912
32336
32432
28784
32400
50240
28880
50320
28752
28880
33856
50344
50264
22472
50824
50824
52400
32176
32176
22448
2064
16448
45928
32400
32368
32080
32208
28912
28944
32336
50800
32144
52400
28784
